1.809214498076
1.0280893921751
1.66808185677446
1.01850058182015
1.65440819472842
0.699124374306414
1.94325991074781
1.42644443385828
1.85909639027383
1.94886371424667
1.45012121828615
1.27214843280617
1.39375987423753
2.01048254127977
1.27208524387875
1.27013905459924
1.53354062301174
1.68741599626064
1.46171659075327
1.39194694024304
1.29105382975324
1.90580397288473
1.88240583119051
1.00095982757249
1.82807501646953
1.28273236678983
1.30902638854302
1.40194545937873
1.720480804358
1.11889360828044
1.98073955262424
1.57242991814703
1.76684373963102
1.30310149894552
1.60526288587567
1.78056456658234
1.73946442154849
2.04168040250932
1.51023930769268
1.59609830435627
1.8291407797497
1.13945637387676
1.75454216917909
1.95855906812142
1.64520366991003
1.08135251470406
1.82351173160086
1.41927459808915
1.72387888269386
1.59861513574886
1.67698777432242
1.39971289221792
1.69298857491433
1.79043490431791
1.80427780085545
1.67669613259185
1.93475246275768
0.93073092600505
1.73918665908496
1.8254109207376
1.32329289824552
1.33166431029301
1.74147502245028
1.35915131380216
1.40708771559057
1.82857365302251
1.92670435724009
1.3191333680541
1.93333762145735
1.83535618431995
1.64451773814919
1.55666945638406
1.76820811551816
1.31857748030597
1.52904921583572
1.66422153816993
1.92140497581062
1.66736019014584
0.409544095689323
1.52286576299376
0.955699891112534
1.75402938062444
1.33228706882358
1.67064133581734
1.90055336769736
1.52140818848409
1.82986010671577
1.17351684152598
2.14495974571458
2.0187560392744
1.64465927679007
1.51153979310087
1.8030829877107
0.0771629225422418
1.85493538690747
1.22517922307165
1.38736827208082
1.70962748060047
1.16381208198424
1.806688552453
1.8318870211792
1.66000362487754
1.64457677459356
1.84360551586989
1.16412442099156
1.78873491944883
1.12139182407869
1.68277117888585
1.10739864957039
1.37252506377241
1.81518758794116
1.66237552308453
1.66534115133091
1.83269853784626
1.39039791196504
1.28365283839157
1.78184829573002
1.57620975316042
1.51704185850596
1.66121710356528
1.28061283848124
1.12859629366222
1.0276410280488
1.73246722084644
1.74098542056126
1.65643499716262
0.83108067132976
1.74035551848563
1.75833990605322
1.08274616600761
1.85799419610929
1.40324199978112
0.993343479988446
0.940410940300841
1.71971843900158
1.29439115247544
1.76965775190494
1.32219420646768
1.56604211338501
1.6038425918735
0.576507168737822
0.955333106553131
1.21290112470819
1.06638910203216
1.65829813937892
1.70976982321165
1.85293255282925
1.85295610604456
1.8431976093188
1.85603321383533
1.16851840574309
1.74720993847526
1.99861603474816
2.13850957176774
1.50498475950678
1.82839050069421
0.963513708323315
0.86179014504192
1.77849027360728
0.873439266557
1.96785918947033
1.80908922246614
1.07327519315044
1.25842263994105
1.01239243969248
1.89895884921633
1.92285340664838
1.88430238502752
1.31065391614702
1.72727370455778
1.2107998187151
1.51944079366453
1.88468700494914
1.55703903459104
1.11874333598575
1.2118433428704
1.85013399951204
1.6637913516263
1.7776192759306
1.66855931140457
2.09259364621912
1.72005428424249
1.63982118875454
1.24735443891893
0.96106630673564
0.585685076773304
2.02626251214769
1.87370717413147
0.636514168294813
1.71796787380273
0
1.73060302011725
1.92070402992352
1.66634838946146
1.77797551847497
1.53305630444523
1.62825633128957
1.65842499003564
1.60415518059371
1.84430002700465
1.35120258804636
1.55815966995116
1.70734478529493
1.50161848807851
1.23126394310898
0.0840784408111902
1.97792291716393
1.1156090339976
1.08407272885402
1.18814319443572
1.92903549497589
0.941798183387327
1.26585675187274
1.97809576320266
1.98952623223373
1.90930502654605
1.293973692518
1.53434699588463
1.46750129074259
1.98781635714537
1.39888050514142
0.84499622230332
1.16442286104417
1.60831350879365
1.6881881096219
1.70678096775674
1.80522145054253
1.82890016390035
1.38296519830691
1.59549693965298
0.959087212690882
1.81511171086827
1.97534473092934
1.45620039014327
1.57769755026488
1.64047329022471
0.624496329879555
0.884803870326762
1.86970868285832
1.84193140400731
1.84419774583712
1.42203808163122
1.84155976169492
1.14498030887632
1.67500728731678
1.71569590646433
1.73697836024208
1.11150720423867
1.76887797832713
1.4062658224512
1.66230419309863
1.32058953225638
1.89436785947458
1.79581999963727
1.91140898238309
1.76627246594395
1.274117608857
0.916892895194517
1.88812636141738
1.64822025785658
1.77684660526846
1.6010800393772
1.74318996881936
1.03739232462091
1.20565766954159
1.60710740827795
1.41794988877082
1.15925529409224
2.01497449334494
1.59531806649105
1.94864418670776
1.71221198535453
1.09440862984778
1.89132749594317
1.40590814212425
1.84928369393916
0.891097943546173
1.09861228866811
1.1234402765348
1.91424850297241
1.95670905375904
1.7864129832713
0.996711661141475
1.86263858496478
1.81855704350025
1.53503677035015
0.0812154097304898
1.50706649043841
1.84841654579514
1.68814957154118
1.85370823157501
1.42056582245875
1.19884931291362
1.11836767876224
1.69752985335234
1.23368094847213
1.41096979629499
1.73668998734706
1.65998137224125
1.51700283861445
1.16305553620729
1.34012320059178
1.79351995701204
1.57367510697851
0.983987806881828
1.93243703850153
1.84638732561318
0.777140995932613
1.79101152777635
1.0588678096952
2.2137794775711
1.45785111589806
1.75678679687208
1.86948981188581
1.00424247305408
1.63820837970234
1.13984534038203
1.79446116854198
1.34376363481012
1.79388075423512
1.62765656763263
2.05410453589289
1.7031852128732
1.55944569492233
1.04085002362145
1.33261330060593
2.04304269973255
1.46330845364724
1.37542976355142
1.39393003697616
1.80471391558759
1.18041407841783
1.83623331288494
1.47638643326892
0.995187857825346
1.67420034294812
2.00636389193325
1.47608437809335
0.917053167969417
1.58546196384211
1.70221043462861
1.57625061317803
2.06704832165108
1.48727633555788
1.76848592984824
1.6003789532293
1.50416821388644
1.36176829700624
1.15338710939965
1.64219948284133
1.45419532876122
1.85486610837175
1.98914462926689
1.06619786568081
2.04823564738662
1.12005378881373
1.97993626604848
1.8627625779412
1.2662178220135
1.75847869526349
0.237337724006306
1.48105764909342
1.85922112150691
0.884767117515213
1.66679610375721
1.69217283431254
1.64862663366762
1.56584026727359
1.9357844050698
1.76653376934924
1.72177708559138
1.78695991365184
1.58509212299688
1.62967777352806
1.01278957514383
0.879997865674591
1.71307887146399
1.56602042719438
1.4591450476029
1.41426967300634
1.27063220233367
1.53777915026969
1.69010862624777
1.75799822915353
0
1.49623104285716
0.823188903261834
1.86103291879104
1.83752913914391
0.531774754421332
1.57699656745025
1.7543907658762
1.33373602720281
1.73849408850247
0.918645590141091
1.84995176705894
1.13114965553114
