1.1985835071725
1.34709605905129
0.693147180559945
0.602308026505533
1.37193861755972
0.97468384710164
0
0.770488623744254
1.40767898232993
1.16325914484039
1.05787027422133
1.39500097347422
1.60507328882165
1.65910482941921
1.1072811148859
0.817352978853803
1.330641246822
1.19784255607387
1.228671942428
1.39784736515849
1.14273788648927
1.46897814260428
1.22841408998114
1.31960646776789
0.993230217139768
1.06817290547765
0.598269588585257
1.29103636248499
1.24857375959387
1.1998422029653
1.45836394877746
1.43034983140969
1.25727343532544
1.11905495461556
0.786225825328783
1.50585515670471
1.37326558536158
1.37222780406602
1.63079910458564
1.27842440536576
1.14039260758556
1.15374194270109
1.23596891976669
1.34937248501887
1.25939608917272
0.70866013500264
0.556461338125987
1.18841889339477
1.42168301855056
0.900256051268537
1.21285967267219
0.882179435413677
0.967860017230869
1.317360583892
0.423239239257021
1.3932908584622
1.46306800755182
0.630955523816283
1.31634945499536
1.24975890647293
0.661563238157982
1.4684964494899
1.19249216060154
1.17553502031592
1.36133835069612
0.894777906342504
0.636514168294813
1.06461959891787
1.21320588457116
1.35220939923383
0.990451044474073
1.16952639729834
1.12619708502083
1.20740609766025
1.23527299507954
1.15953917056144
1.31571193491379
1.05492016798614
1.22296586187226
0
0.806868239858991
1.13622568658375
1.05204739047708
1.2356545039495
1.07900603233908
1.33488855877585
0.866696709997175
1.51537855558158
1.37982323685658
1.39052913579334
1.41227605270271
1.50037262296179
0.387212375186361
1.20814110088895
0.655481773901393
1.48445753581749
1.15253423519453
1.34005299094417
0.937090928493693
1.49274182655105
1.60229786688383
1.43650995842809
0.555722121028966
1.57923313461134
1.02298009559277
1.00672645511525
1.4129041571301
1.13136270544477
0.582784449956133
1.19648133085577
1.56706980096509
0.91977458155679
1.38851424204299
1.20985100924721
0.891457158131851
0.872279891268938
0.738969940393194
0.491421129769083
1.23849706716385
0.746694433054882
1.17156292672451
1.41096703429277
0.742426248702058
1.40648687756643
1.01140426470735
1.12095039267358
1.07677383304488
1.303464254838
0.867563228481461
1.43533231285455
1.26140648543039
1.47589582854248
0.55655436851766
0.524993373195587
0.682908104700472
1.3541256772048
1.19573030295038
1.20808194128009
1.22743162303377
1.20124745694972
1.38504662083306
1.09940862534225
1.33546344721755
1.35735209962162
1.26160547647645
1.52354930108666
0.713603948983078
1.14480994894688
0.771924860008531
0.500402423538188
1.19163878553329
1.24906509448623
1.52363098197832
0.955699891112534
0.55655436851766
0.693147180559945
0
1.42712584331683
1.14241558410341
1.40766637432379
1.21580074581227
1.23250088318001
0.558439723898372
1.21707150987333
1.02092534927708
1.21104112578107
1.18420434502964
1.13169050944143
1.08763273028306
1.05180784612135
1.19405203777579
1.37199368453993
1.1192348780579
0.693147180559945
1.24204814444097
1.38666555047713
1.2832082497542
1.13526704640709
1.03639208411894
1.27099209633071
1.51570795208571
1.455664343202
1.33296690047203
1.2718922850352
1.1666241336212
1.36992050091515
1.39317006370293
0
0.882447367231059
0
1.32620976247877
1.46695628397325
1.08515186721598
1.38358903231283
1.12832978581017
1.3927312124585
1.11936101818979
0.870411899647391
1.24099661645848
1.17156340434886
0.632256790235793
1.02922183372176
1.39141289877668
1.13840474101943
0.392674467227552
1.09875876634507
0.972993806987942
1.28168593517036
1.28863487915973
1.46930710620477
1.37083954232125
0.693147180559945
1.13583728967876
1.22412228436519
1.37173433404565
1.19246111573755
0.673011667009257
1.23346152539984
1.00681295120029
1.4461153895748
1.07598328211928
1.16629980878776
1.05729563317531
1.40267674316801
1.51144747304473
1.3814408835491
1.5626639830847
0
1.3534140228556
1.062737568157
1.062737568157
1.23920133688099
1.15563128290483
1.23448058864372
1.15937820874765
1.28977368714805
1.2123732197531
0.984125201412147
1.11474140562154
0.512654429100116
1.80130802419897
1.13774620385162
1.23229911910083
1.20385870542799
1.22447217993108
1.11645799853659
0.223712478534014
0.10208540465696
0.323744870031591
1.11589560588699
1.55822885555517
1.27056061718248
0.757312028989372
0.892993848823516
1.24171266904948
1.05266963493123
1.37426722689271
0.971246439635479
1.4104325977184
1.0237349971896
1.0449329550435
1.08942418113516
1.19734013399678
1.21900525422358
1.41726027823007
1.39971223294
1.46449723576161
0.357267909482233
0.636514168294813
0.762054889551141
1.22350067034532
1.21863882653236
1.34621641408741
1.31024219883772
1.28390692164197
1.15982723514457
0.684227890613299
1.5755187381125
0.872441249931169
0.827221774568023
1.35120019483451
0.606340295299035
0.936888307539016
1.242453324894
1.34905203177782
1.15090319789447
1.52853717482661
0
1.11576114237334
0.893572206700902
1.51710639706103
1.33063987643126
1.55724125587768
1.16176657230565
1.20567739112646
1.27036824610042
1.1254583118922
1.21655658476726
0.58744026846027
0.997801847548973
1.0088887440414
0.819548696536014
1.68944295798213
1.22796242323955
1.19333031248868
1.57172777824816
1.18994106389249
0.854412848102421
1.47978575393754
0.636514168294813
1.15531027390591
1.39086989246294
1.36293318882955
1.26098038794436
1.45759562903322
1.37520209374253
1.44784703396542
1.49903671847561
1.36782835784027
0
1.35759518878276
1.42862487374831
1.38532380607286
1.04176593469451
0.997358141695362
0.989104202901051
1.36691317782819
1.43919107327614
1.62339204716894
1.26547726616526
1.18173430279687
1.49348401260233
1.3973567013613
1.23411134327386
1.24467253817178
0.801277895442428
1.24254741450256
1.01611651241345
1.20700709340346
1.38903937453222
0.783466155609912
0.666278442414676
1.44647496448368
1.69234776954407
1.22982814671639
0.916446018524314
1.04379388084415
0.902363575281213
1.21488965394912
1.34216492299154
1.20777627214996
1.21880905567888
1.26586700176277
1.49614235241092
1.14196952208819
0.636514168294813
1.00037107910957
1.53876106912031
0.625391344564676
1.24629946055417
1.65443293314454
1.03436776785528
1.36047951349651
1.37045866034828
1.2510770454231
1.14540756524378
1.3821100788667
1.34172081783209
1.33325216595078
1.16819778141846
1.12510601795982
1.2909306042108
1.26535006544333
1.07753181269496
1.09304391918823
0.573376089706643
0.693147180559945
1.11783337279812
0.806487103647569
0.636514168294813
1.45721014896078
1.2945451658449
1.26607040215913
0.851184360900954
1.05968466737315
1.42324383254712
0.636514168294813
1.38304133287199
0.693147180559945
1.47085396137942
1.29323804911856
